900001;0001;0001;10;BANANES;100,00;08/01/2016
900003;0001;0001;50;BANANES;150,00;31/03/2016
900003;0001;0003;10;ORANGES;145,00;31/03/2016
900032;0001;0004;20;POMMES;122,00;21/06/2016
900004;0008;0003;100;ORANGES;145,00;20/02/2016
900004;0008;0004;10;POMMES;122,00;20/02/2016
900004;0008;0005;15;KIWIS;225,00;20/02/2016
900004;0008;0008;17;MANGUES;250,00;20/02/2016
900004;0008;0012;25;PASTEQUES;150,00;20/02/2016
900007;0008;0001;12;BANANES;150,00;15/07/2016
900007;0008;0002;17;CERISES;113,00;15/07/2016
900007;0008;0003;25;ORANGES;145,00;15/07/2016
900007;0008;0004;50;POMMES;122,00;15/07/2016
900007;0008;0005;70;KIWIS;225,00;15/07/2016
900007;0008;0009;30;RAISIN;150,00;15/07/2016
900007;0008;0013;10;CITRONS;147,00;15/07/2016
